14 14
4
1 1
1 6
5 1
12 1
49
1 2 9 0
1 3 20 0
1 4 45 0
1 5 35 0
1 7 15 0
1 8 21 0
1 9 45 0
1 10 17 0
1 11 39 0
1 12 9 0
1 13 4 0
1 14 13 0
2 1 0 30
2 6 0 37
3 1 0 20
3 6 38 42
4 1 0 16
4 7 0 13
4 10 37 11
4 13 24 0
4 14 37 0
5 2 37 0
5 3 23 24
5 7 45 12
5 12 45 15
6 1 0 22
6 8 18 26
7 1 0 22
7 5 0 45
8 1 0 6
8 5 22 18
8 11 0 18
9 1 0 45
9 11 15 23
10 1 0 38
10 8 28 38
11 1 0 17
11 4 22 30
11 9 0 10
11 13 14 0
11 14 23 0
12 2 5 0
12 3 14 8
12 6 15 13
12 9 4 16
13 1 0 37
13 10 0 14
14 1 0 43
14 10 0 29

